#Epochs / accuracy	AlexNet	std	VGG16	std	VGG19	std	GoogLeNet	std	ResNet18	std	ResNet34	std	ResNet50	std	ResNet101	std	ResNet152	std
1	42.08333333	5.821195485	16.11111111	3.44588779	15.90277778	3.907171531	26.25	7.869008597	38.125	4.055222589	33.19444444	5.406963452	18.26388889	3.402856512	17.91666667	5.153258189	17.70833333	4.978197493
2	55.625	5.636467126	19.44444444	7.753765845	20	7.267191433	41.80555556	4.315748588	53.26388889	5.22810035	56.45833333	8.092256222	25.20833333	5.248558656	25.55555556	3.583106032	25.90277778	4.811809069
3	62.22222222	4.35775801	21.66666667	8.083974986	27.08333333	12.24884866	50	5.399029532	66.45833333	5.339651126	72.29166667	4.860559933	33.19444444	2.831274972	32.91666667	5.912528258	37.29166667	6.531306506
4	66.80555556	5.534295742	25.27777778	14.72848108	38.26388889	12.35968052	55	4.875419858	71.73611111	3.556839323	75.27777778	4.33309591	38.68055556	4.023385217	37.15277778	4.169880448	42.01388889	6.638717778
5	68.19444444	4.438170726	29.02777778	11.91533922	36.25	12.22169612	59.51388889	3.996660343	75.97222222	3.574122049	80.90277778	3.178131995	42.36111111	4.355298084	42.63888889	5.460215882	50	5.660657065
6	73.95833333	4.644074687	34.23611111	11.72151459	46.80555556	13.22972865	63.47222222	3.260521641	79.51388889	3.559851041	82.56944444	3.907171531	48.19444444	4.514779114	49.93055556	3.837988094	56.04166667	5.68002918
7	75.20833333	3.174758181	37.5	8.820629113	51.04166667	12.02924427	67.56944444	3.87411767	79.86111111	2.360657182	83.81944444	3.449773108	53.81944444	4.913191036	56.18055556	3.961648493	60.83333333	6.589704944
8	79.02777778	5.058810511	46.25	12.64151716	54.86111111	13.61614923	70.41666667	2.85764803	82.22222222	3.16037929	83.26388889	3.23163403	56.94444444	7.013545096	63.95833333	4.771551535	64.23611111	5.460706533
9	80.27777778	4.394491657	52.15277778	10.8843075	59.72222222	10.33662665	72.98611111	3.547788826	82.43055556	2.759391309	85.34722222	4.298954518	64.16666667	3.889991025	67.22222222	5.872516841	67.5	4.809024296
10	81.80555556	3.153590068	61.80555556	9.972527421	61.45833333	7.336538885	75.41666667	2.663546271	82.98611111	2.498499207	84.44444444	3.373599389	64.09722222	6.107339605	70.90277778	5.065690729	70.90277778	4.159587608
11	80.41666667	6.016737628	63.47222222	8.960456491	66.38888889	7.113678645	75.27777778	3.039379178	84.09722222	2.668570886	85	3.227486122	69.51388889	4.397538944	73.54166667	3.592813328	72.77777778	4.730385102
12	84.09722222	5.118306295	64.79166667	10.30053578	73.40277778	5.893011165	76.94444444	2.378746774	82.98611111	2.78259613	85.06944444	3.574871577	72.5	2.296221624	75.48611111	2.778742117	73.68055556	4.055222589
13	83.88888889	4.604096256	68.68055556	9.302272776	70	4.973351482	78.19444444	1.799014743	83.61111111	3.889991025	85.69444444	3.662970453	72.5	5.93062603	75.13888889	3.351289087	73.61111111	4.416385192
14	84.86111111	3.18739157	70.69444444	5.456289081	73.26388889	4.913191036	77.91666667	2.239516041	83.81944444	2.680591537	84.79166667	3.04378344	75.34722222	4.814035728	76.31944444	3.651982615	74.09722222	4.023385217
15	87.01388889	3.071821185	71.66666667	4.973351482	71.04166667	9.242171733	78.19444444	2.272766242	83.68055556	2.704472557	85.41666667	3.46449758	74.72222222	3.998670904	76.38888889	3.746855106	74.79166667	4.465253178
16	84.51388889	3.776058296	72.08333333	8.319175216	75.20833333	4.548478582	77.91666667	2.48882964	83.61111111	2.663546271	85.48611111	3.837988094	76.31944444	4.336186343	77.77777778	4.062483513	75.34722222	3.574871577
17	86.875	2.415628768	76.11111111	5.470020551	76.11111111	4.813479159	78.75	2.296221624	84.16666667	3.153590068	86.04166667	3.637280532	76.73611111	3.468362052	77.77777778	4.811252243	74.72222222	4.418811111
18	86.25	2.924372537	80.97222222	2.643352301	77.22222222	5.981008467	79.65277778	2.122825281	83.47222222	2.510266984	85.55555556	3.44588779	77.01388889	3.377567864	76.94444444	3.335261788	75.97222222	3.834496156
19	87.15277778	3.452878215	77.63888889	5.743353647	79.09722222	5.333626696	79.02777778	2.215460391	83.54166667	3.089215555	85.13888889	3.039379178	77.5	2.85764803	77.22222222	4.401801601	75.97222222	2.876337883
20	87.08333333	3.467589502	80.55555556	6.228529651	76.66666667	7.459308912	79.93055556	2.708432255	83.88888889	2.635231383	85.48611111	3.248172695	77.56944444	3.036733555	77.56944444	4.180147944	75.97222222	5.290757269
21	86.52777778	3.194108946	81.11111111	3.814882236	79.79166667	5.758727051	79.375	3.071821185	84.375	2.914277387	85.34722222	2.899530791	77.08333333	2.797001383	77.91666667	3.979866167	76.45833333	4.849523225
22	86.31944444	4.355913196	81.52777778	3.706596093	80.76388889	6.407062852	79.44444444	2.762302572	83.75	2.723229846	84.72222222	3.354485358	78.33333333	2.695541968	78.75	4.025382429	76.80555556	5.031195551
23	86.80555556	5.418842551	83.81944444	3.036733555	77.91666667	4.897351682	80.13888889	2.24906626	83.40277778	2.880991401	84.93055556	2.854833999	78.26388889	2.494206249	78.05555556	4.35775801	75.97222222	5.219381287
24	87.15277778	3.161226918	82.5	2.26331603	81.94444444	4.416385192	79.30555556	2.614818749	83.75	3.09181627	85.625	2.817044986	78.54166667	2.393343894	77.08333333	3.660043588	75.27777778	6.038073644
25	86.80555556	3.969080602	83.47222222	4.12530915	82.70833333	3.988607963	80.34722222	2.536808925	84.44444444	3.126285744	85.48611111	2.415628768	78.47222222	2.24429623	77.91666667	3.993307158	76.18055556	5.429215442
26	87.29166667	2.599404081	83.54166667	5.773595501	81.66666667	4.078280657	79.79166667	2.688575446	83.88888889	2.715347833	84.44444444	4.923540915	78.19444444	2.876337883	78.05555556	3.958265648	76.04166667	4.701411114
27	87.56944444	3.724622637	83.05555556	5.198808162	83.33333333	4.009376869	79.58333333	2.800830271	83.68055556	3.452878215	85.20833333	3.449773108	78.61111111	3.11942232	77.84722222	4.286472045	76.38888889	4.855596519
28	88.125	3.215010288	83.40277778	4.703690034	84.79166667	4.286472045	80.41666667	1.985889869	84.02777778	3.173914167	85.20833333	3.157835042	78.33333333	4.580760595	78.33333333	4.627314236	77.15277778	5.443015213
29	87.56944444	4.210800218	85.90277778	1.702608847	80.48611111	6.932474251	79.79166667	2.182564735	84.02777778	3.240740741	85.41666667	2.777777778	78.95833333	2.94718746	79.23611111	3.517452324	76.18055556	4.997534543
30	87.36111111	3.966379628	85.13888889	3.513641845	82.77777778	5.668224792	80.625	2.393343894	83.47222222	3.553071084	85.90277778	2.965313015	78.88888889	1.542438079	78.68055556	3.157835042	76.73611111	4.333714173
31	88.125	3.795872831	87.22222222	2.454140422	82.84722222	5.507605572	80.48611111	2.917952392	83.68055556	2.968924847	85.625	2.640309884	79.51388889	2.127867629	78.40277778	4.273953116	77.01388889	4.680850908
32	87.36111111	5.0055696	87.29166667	3.689933894	80.90277778	6.670925209	80.20833333	2.455231879	84.02777778	2.946278255	85.69444444	3.126285744	79.375	2.660526947	78.75	4.455041379	76.73611111	4.891330234
33	88.05555556	3.870658327	85.625	3.418566921	84.58333333	4.227944465	80.06944444	2.428901554	83.75	3.177288877	85.76388889	3.421700347	79.65277778	1.182596275	78.26388889	5.727003426	76.875	5.419336949
34	88.40277778	3.089215555	84.79166667	5.273003851	84.51388889	4.664796987	79.30555556	2.552601621	83.75	2.703481726	85.69444444	2.742835786	79.44444444	1.542438079	78.40277778	4.223506343	76.73611111	5.88573247
35	88.68055556	3.465270819	85.20833333	3.402856512	85.55555556	4.853388928	80.20833333	2.78259613	83.68055556	2.743812405	85.41666667	3.105649969	79.65277778	2.428901554	78.68055556	4.281468866	77.56944444	4.59535927
36	88.81944444	3.471450532	87.36111111	3.351289087	85.55555556	5.069391595	80.55555556	1.73224879	84.02777778	3.018149262	85.27777778	3.270367225	79.44444444	2.539975319	78.05555556	3.194108946	76.73611111	4.419417382
37	87.56944444	3.008368814	84.65277778	6.704576498	85.34722222	5.273003851	80.27777778	2.049624409	84.02777778	2.816093764	85.76388889	3.004804395	79.02777778	4.07302175	78.81944444	3.559851041	77.43055556	4.945801069
38	88.19444444	2.360657182	86.45833333	4.30891446	86.25	4.253216325	79.72222222	2.573507798	83.47222222	3.014596407	85.55555556	3.319157098	78.61111111	2.510266984	78.95833333	4.268935265	76.52777778	4.059844679
39	88.05555556	3.237432174	86.59722222	3.915391396	86.18055556	5.076257472	80.34722222	2.450863136	83.95833333	2.805609033	85.48611111	2.899530791	79.58333333	3.177288877	78.81944444	3.721744257	76.45833333	5.076257472
40	88.26388889	2.805609033	87.15277778	3.022584458	83.81944444	8.397706612	80.625	2.459592863	83.81944444	3.071821185	85.48611111	3.130567742	79.23611111	4.002019595	78.54166667	4.298954518	76.94444444	4.67340416
41	87.5	3.07094888	86.04166667	4.311400851	86.11111111	4.55965639	80.48611111	2.278652723	84.16666667	3.302973886	85.48611111	2.917952392	80.20833333	2.127867629	78.95833333	4.512998488	77.5	5.073617849
42	88.75	3.014596407	86.25	4.07302175	85.90277778	4.943633759	80.69444444	2.754532367	83.88888889	3.204158606	85.55555556	2.887493728	80	1.846055744	79.09722222	3.851924189	77.84722222	5.353681765
43	87.08333333	3.528859074	85.69444444	4.117508369	87.5	2.835057573	80.55555556	2.493131855	84.16666667	2.675589496	85.69444444	3.662970453	79.79166667	1.89334306	78.88888889	3.778186252	77.63888889	5.19468376
44	87.91666667	3.559098351	87.91666667	2.296221624	87.36111111	3.18739157	80.13888889	2.781633127	83.54166667	2.892129296	86.04166667	3.393395354	79.65277778	2.338994089	78.88888889	4.455041379	77.5	4.538454049
45	88.125	3.562860215	86.04166667	5.221947228	87.70833333	3.224994816	80.34722222	2.640309884	83.81944444	3.10651253	85.76388889	3.589829264	79.93055556	2.02992234	79.72222222	4.278338908	78.125	4.802892111
46	87.22222222	4.207617692	85.69444444	6.255998493	86.94444444	3.657114381	80.34722222	2.836002434	83.95833333	3.198300142	85.83333333	3.341681932	79.23611111	2.107625859	79.16666667	4.404235553	77.91666667	5.989960737
47	88.40277778	5.478340723	87.63888889	2.655487111	87.36111111	3.06745718	80.625	3.147637486	83.47222222	3.13655272	85.97222222	3.729654456	79.86111111	1.991278997	79.09722222	4.726418796	78.19444444	5.270462767
48	88.88888889	3.703703704	87.91666667	2.602494319	87.43055556	3.181502231	80.20833333	2.624024085	83.81944444	3.224994816	86.11111111	3.035851169	79.44444444	2.176418384	79.58333333	3.544010965	77.36111111	5.784258592
49	87.98611111	3.887924263	87.70833333	2.680591537	87.08333333	3.293225786	80.34722222	2.680591537	83.81944444	2.965313015	85.90277778	3.449773108	80.13888889	2.02331235	79.375	4.049933741	77.63888889	4.615719845
50	88.88888889	3.000342916	87.36111111	2.793167246	87.77777778	3.14337874	80.90277778	2.433309727	83.81944444	2.928949738	85.90277778	3.241567355	79.72222222	1.958721833	78.68055556	3.208336674	77.08333333	4.594776213
51	89.51388889	3.313501964	87.29166667	3.258055596	87.56944444	3.424830906	80	3.237432174	83.47222222	2.887493728	85.90277778	2.983328448	79.58333333	2.47587814	79.02777778	3.153590068	77.63888889	5.163645738
52	88.26388889	2.56621001	88.19444444	2.01800877	87.15277778	3.544766859	80.41666667	2.735010276	83.54166667	2.94718746	86.25	3.049938721	80	2.091035146	79.02777778	3.568120161	76.80555556	5.361183074
53	88.95833333	3.09614594	88.19444444	2.982430261	87.91666667	2.819896728	80.20833333	2.41118827	83.47222222	3.014596407	85.69444444	2.968022301	78.125	5.178670676	79.65277778	3.860261697	77.08333333	4.721314364
54	89.23611111	2.724213494	88.33333333	2.166547955	87.63888889	2.887493728	80.34722222	3.140820721	83.61111111	3.276914513	85.625	2.873542154	79.86111111	2.471545892	78.47222222	4.69856091	77.5	5.020533967
55	87.84722222	3.49912418	88.61111111	2.24906626	87.77777778	2.762302572	80.55555556	3.257233167	83.61111111	3.574122049	85.625	3.290784249	80	2.960792029	79.16666667	4.075652051	77.22222222	4.820153735
56	89.30555556	2.387740177	88.61111111	2.410076868	87.77777778	2.703481726	80.13888889	3.373599389	83.61111111	3.341681932	85.83333333	3.021697939	79.65277778	2.221498725	78.75	4.430920783	77.29166667	4.59535927
57	89.51388889	2.747715412	88.88888889	2.360657182	87.77777778	2.742835786	80.69444444	2.28686834	83.40277778	2.648415229	85.97222222	3.049938721	79.79166667	2.628104996	78.95833333	4.331240592	77.70833333	5.472468974
58	87.91666667	2.454140422	89.02777778	2.423380061	88.05555556	2.675589496	80.27777778	2.894907074	83.125	2.797959096	86.04166667	2.880991401	80.625	2.02992234	79.02777778	3.71525975	77.84722222	5.128764635
59	87.01388889	2.94718746	89.09722222	2.197245829	87.84722222	2.895832408	80.20833333	2.582860371	83.68055556	3.022584458	86.25	3.204158606	80.90277778	1.997994965	79.44444444	3.931098095	77.63888889	5.845079297
60	89.02777778	2.695541968	89.02777778	2.215460391	87.84722222	2.820846668	80.13888889	2.742835786	83.26388889	3.198300142	85.55555556	3.335261788	80.97222222	1.707323048	79.51388889	4.620940921	77.77777778	5.526544623
61	87.91666667	3.405217694	89.09722222	2.14791865	87.98611111	3.036733555	80.69444444	3.084876157	83.61111111	3.341681932	85.90277778	3.339275824	81.11111111	3.084876157	79.44444444	4.802334252	76.66666667	5.209104881
62	88.54166667	2.724213494	89.30555556	2.176418384	87.84722222	2.895832408	80.55555556	2.699514766	83.40277778	3.666625748	85.83333333	3.341681932	80.76388889	2.494206249	80.34722222	4.089433379	77.43055556	5.700745535
63	88.40277778	3.071821185	88.95833333	1.976423538	87.98611111	2.910597742	80.69444444	2.99676895	83.68055556	2.858585425	86.18055556	3.280999933	80.20833333	2.102534968	80	4.438170726	77.63888889	5.854239433
64	88.40277778	4.128555125	89.16666667	2.387740177	88.05555556	2.735010276	80.55555556	2.835057573	83.33333333	3.322384281	85.69444444	3.109098776	79.65277778	1.733794751	79.51388889	5.157935175	77.22222222	4.786687787
65	88.75	2.99676895	89.02777778	2.423380061	88.125	2.786444812	80.83333333	3.14337874	83.88888889	3.170535864	85.69444444	3.16037929	79.86111111	1.309457002	78.68055556	4.778284677	77.77777778	5.622665649
66	88.61111111	3.341681932	88.81944444	2.437709929	88.26388889	2.843550026	80.41666667	3.014596407	83.95833333	3.078790726	85.69444444	2.85764803	80	2.793167246	78.75	4.666519692	77.43055556	5.830852647
67	89.02777778	3.828902431	88.68055556	2.557844185	87.98611111	2.778742117	81.11111111	3.084876157	83.54166667	3.480699528	85.69444444	3.260521641	80.41666667	2.28686834	79.16666667	5.082059815	77.70833333	5.569523336
68	89.375	2.557844185	88.88888889	2.383247718	88.125	2.862331934	80.55555556	3.354485358	83.81944444	2.928949738	86.18055556	3.164615157	80.90277778	1.612081977	79.58333333	4.79116342	77.36111111	5.921584058
69	88.05555556	5.026933631	88.54166667	2.914277387	88.19444444	2.87260964	80.76388889	2.640309884	83.75	3.039379178	86.11111111	3.240740741	80.83333333	1.434438276	79.93055556	4.236174357	76.80555556	5.518782619
70	87.77777778	4.051917868	88.61111111	2.838835133	88.19444444	2.946278255	80.625	2.688575446	83.88888889	3.170535864	85.76388889	3.692837068	80.76388889	2.09743172	79.58333333	3.931098095	77.43055556	5.421314087
71	89.51388889	2.767147871	89.02777778	2.166547955	88.26388889	2.954451026	80.27777778	2.819896728	83.54166667	3.274460814	86.18055556	2.899530791	80.27777778	1.996653579	79.58333333	3.735396806	77.63888889	5.466100794
72	89.23611111	3.092682689	88.88888889	2.314814815	87.98611111	2.778742117	80.27777778	3.109098776	83.68055556	2.950821478	85.76388889	3.092682689	80.34722222	2.472629665	80.55555556	3.417783116	77.77777778	4.996998413
73	88.81944444	2.437709929	89.02777778	2.28686834	88.26388889	3.181502231	80.41666667	2.333259846	83.75	3.16037929	85.83333333	3.276914513	80.625	2.00335153	80.06944444	3.071821185	78.19444444	5.518782619
74	88.81944444	3.026127934	88.95833333	2.231126067	88.40277778	3.371216062	80.34722222	2.797959096	83.47222222	3.537957995	85.27777778	3.47684877	80.76388889	2.14791865	80.27777778	3.194108946	77.5	5.351178991
75	88.26388889	2.628104996	88.95833333	2.370849561	88.19444444	3.139967585	80.34722222	3.556839323	83.68055556	3.057834448	85.20833333	3.929052956	80.06944444	2.122825281	80.20833333	3.294039229	77.63888889	5.514897519
76	88.54166667	3.10996038	88.75	2.26331603	88.19444444	2.982430261	80.06944444	2.892129296	83.33333333	3.510590483	85.13888889	3.528859074	80.55555556	2.928034871	79.375	4.115555864	77.56944444	5.369671889
77	89.09722222	3.10651253	88.88888889	2.360657182	88.33333333	2.960792029	80.76388889	3.140820721	83.26388889	3.607696629	85.83333333	3.778186252	80.13888889	2.342427896	80.13888889	4.065120633	77.98611111	5.155857038
78	89.23611111	3.277732004	88.81944444	2.325208149	88.40277778	2.817044986	80.06944444	2.778742117	83.47222222	3.18739157	85.625	3.660775524	80.48611111	2.255014607	80	4.00670306	77.77777778	5.196746371
79	89.02777778	3.220838358	89.09722222	2.599404081	88.26388889	2.747715412	80.20833333	3.589829264	83.47222222	3.102197327	85.27777778	3.461402897	81.18055556	1.776535542	78.75	4.655022952	77.98611111	5.399525744
80	88.33333333	4.00670306	88.95833333	2.437709929	88.19444444	2.679591876	80.69444444	2.905991635	83.68055556	2.968924847	85.34722222	4.015386431	80.76388889	1.853298046	79.65277778	4.076309362	77.5	5.321053894
81	88.47222222	3.735396806	88.88888889	2.493131855	88.19444444	2.891202777	80.27777778	3.721024314	83.61111111	3.293225786	85.625	3.860261697	80.76388889	2.245489688	79.93055556	4.248804601	77.5	5.595918192
82	88.95833333	3.164615157	89.02777778	2.215460391	88.26388889	2.747715412	80.41666667	3.18739157	83.81944444	3.371216062	85.76388889	3.649046938	80.69444444	2.28686834	79.375	3.660775524	76.94444444	5.734016372
83	88.95833333	3.455980532	89.16666667	2.126608163	88.33333333	2.754532367	80.48611111	2.990504233	83.33333333	2.797001383	86.04166667	3.562860215	81.52777778	1.14343417	79.58333333	3.276914513	77.36111111	5.280619768
84	88.54166667	3.022584458	89.16666667	2.319439824	88.19444444	2.777777778	80.625	2.862331934	83.61111111	3.227486122	86.04166667	3.248172695	79.51388889	1.859071575	79.65277778	3.860261697	77.36111111	5.250089816
85	89.30555556	2.683588286	89.09722222	2.221498725	88.19444444	2.777777778	80.69444444	2.793167246	83.75	3.373599389	85.76388889	3.092682689	80.48611111	2.302048128	79.93055556	3.577868117	77.22222222	4.696279501
86	89.30555556	3.341681932	89.02777778	2.310180546	88.40277778	2.928949738	80.69444444	2.715347833	83.61111111	2.762302572	85.625	3.258055596	80	2.887493728	79.44444444	3.917443667	77.70833333	5.076257472
87	89.375	3.556839323	89.09722222	2.338994089	88.40277778	2.778742117	80.69444444	3.253941369	83.88888889	2.715347833	85.90277778	3.224994816	79.30555556	1.985889869	79.93055556	3.710208408	77.84722222	5.252640756
88	89.09722222	4.501109641	89.02777778	2.116505454	88.33333333	2.812285657	80.20833333	2.724213494	83.81944444	3.054327756	86.18055556	3.198300142	79.65277778	2.019335971	79.72222222	3.492226327	77.63888889	5.71529606
89	89.375	3.496060148	88.95833333	2.393343894	88.33333333	2.614818749	80.34722222	3.274460814	83.68055556	3.294039229	86.25	3.583106032	79.79166667	1.949123559	80.20833333	3.663701804	78.05555556	5.440553535
90	89.93055556	3.092682689	89.02777778	2.310180546	88.40277778	2.640309884	80.83333333	3.325608333	83.61111111	3.126285744	85.76388889	3.194947625	79.44444444	2.683588286	79.79166667	3.738981297	78.05555556	5.624571314 