#TrainingEpoch	Alex	VGG16	VGG19	GoogLe	Res18	Res34	Res50	Res101	Res152
1	1.399463826	1.793759215	1.779274727	1.747342094	1.545684955	1.472226774	1.770630027	1.76404516	1.759201559
2	0.674029296	1.692799165	1.501833965	1.444905165	0.770299238	0.559892604	1.652292716	1.587799887	1.551122481
3	0.400483428	1.507277101	1.069455412	1.147768453	0.384122771	0.214440684	1.457968203	1.324093044	1.235523648
4	0.245524001	1.208552194	0.887149808	0.895964105	0.209100423	0.095370673	1.199214906	1.003996465	0.884548826
5	0.147858632	1.013924071	0.601020404	0.694423932	0.124579068	0.054298473	0.927003199	0.701933614	0.577829537
6	0.111647025	0.798973487	0.378282828	0.526899975	0.082331725	0.036508598	0.672284601	0.449893497	0.371721982
7	0.070867029	0.57437972	0.333642068	0.397231831	0.057797976	0.029417528	0.468341603	0.278038744	0.225318666
8	0.047443331	0.524587203	0.19578684	0.304150162	0.044393283	0.022530047	0.303143194	0.16487226	0.137657073
9	0.034020673	0.356664838	0.180862775	0.229753218	0.033564741	0.018512129	0.202781497	0.112939394	0.093661619
10	0.021891232	0.219000245	0.11599658	0.181546292	0.028182181	0.016419726	0.141641737	0.08227487	0.062903773
11	0.030015078	0.154572072	0.084443641	0.142094469	0.025300077	0.013648553	0.09819877	0.056409497	0.050219089
12	0.021896697	0.122884992	0.035939923	0.109870806	0.021333973	0.013622936	0.070282298	0.046907286	0.039235739
13	0.013166306	0.100188158	0.029338318	0.098091495	0.019290762	0.011643967	0.055005643	0.036669186	0.030314971
14	0.013951389	0.058963522	0.023757651	0.080795823	0.017276244	0.01010787	0.040773287	0.031870183	0.025593577
15	0.012144958	0.056422201	0.026064831	0.066328065	0.015525978	0.009907279	0.035086225	0.025686985	0.020599542
16	0.00831271	0.057299769	0.013308957	0.059180949	0.014694262	0.008671788	0.029864957	0.022110382	0.018539903
17	0.005950195	0.037035868	0.019080987	0.050584721	0.012317346	0.007764307	0.025339471	0.020445328	0.016832152
18	0.006294697	0.016856847	0.019403597	0.04542055	0.011604293	0.007651126	0.023185972	0.018905643	0.016259918
19	0.006703512	0.011040939	0.005634334	0.042530794	0.011022914	0.007074578	0.020524243	0.01744667	0.013254842
20	0.007920735	0.017229623	0.00324131	0.038682854	0.01018443	0.00669572	0.017046515	0.014807157	0.012601508
21	0.005969593	0.055959441	0.001484213	0.033752229	0.009933969	0.006344257	0.016405552	0.013485139	0.011984392
22	0.00421881	0.079472817	0.000720842	0.031796512	0.008813072	0.005752404	0.014364014	0.013582835	0.010193749
23	0.004346406	0.02484356	0.001914423	0.028382165	0.008371717	0.005499094	0.014827143	0.013085901	0.009211958
24	0.003702999	0.005359907	0.002370779	0.026718974	0.008167345	0.005240862	0.011922437	0.011279883	0.008954785
25	0.005510598	0.003182227	0.000968372	0.023943505	0.007392406	0.0050238	0.011166279	0.011043707	0.008383318
26	0.002660917	0.004195816	0.000929067	0.022421545	0.007549373	0.005345708	0.011575963	0.010992179	0.008590723
27	0.002564922	0.002217775	0.000824263	0.021949221	0.006469431	0.00481667	0.010073968	0.008710344	0.007420964
28	0.002478806	0.00269703	0.000539079	0.020698299	0.006694774	0.004292578	0.009519774	0.009568085	0.007267235
29	0.003458194	0.00341344	0.000710612	0.019967224	0.006320623	0.004428	0.008221404	0.008146843	0.00605918
30	0.002651464	0.002866311	0.000370897	0.018696722	0.006159765	0.00404391	0.007979422	0.007670691	0.005989674
31	0.002143864	0.001257428	0.000335234	0.0179136	0.005469083	0.003827155	0.008266348	0.007153595	0.005387466
32	0.001913686	0.001203081	0.000304744	0.016054524	0.005472424	0.003808532	0.007135344	0.006700059	0.005808408
33	0.002516466	0.001458353	0.000210388	0.01576089	0.005033038	0.003704349	0.00772176	0.006517133	0.005562116
34	0.002271151	0.001794263	0.000178572	0.016462395	0.005111162	0.003443236	0.00692325	0.006565881	0.00526109
35	0.002437897	0.001752921	0.000282926	0.014183844	0.004930368	0.003332275	0.00598802	0.005691424	0.004823031
36	0.002900603	0.002122955	0.000124129	0.013772281	0.004535792	0.003290653	0.006030213	0.005419531	0.005224729
37	0.002829378	0.002048338	0.000116491	0.014527549	0.004706714	0.003149687	0.005589522	0.005892449	0.004534647
38	0.001235556	0.013849142	0.00017009	0.012679357	0.004562898	0.002843629	0.005522304	0.005032461	0.004962014
39	0.001734848	0.051878971	0.000172452	0.0127014	0.004162736	0.003122326	0.00611861	0.004969408	0.004463518
40	0.001443127	0.009447182	9.56E-05	0.012021155	0.0040765	0.002850047	0.005776856	0.004730983	0.004617422
41	0.001831611	0.003624468	9.79E-05	0.011411611	0.004201742	0.00289795	0.005722311	0.004655454	0.004099462
42	0.001559693	0.001248477	9.25E-05	0.0113279	0.004272969	0.002745399	0.00512792	0.004681542	0.004041717
43	0.002149675	0.000621671	0.000179977	0.012066254	0.003897171	0.002703704	0.004580043	0.005020803	0.003848848
44	0.003486447	0.000833495	0.000137443	0.010889982	0.003828552	0.002579799	0.004553737	0.003847075	0.004019919
45	0.005338564	0.000775505	0.000102894	0.010177918	0.00367957	0.002361277	0.004394937	0.003989251	0.003682024
46	0.003411951	0.000890926	0.000129477	0.011245876	0.003527721	0.00254316	0.004669696	0.004133474	0.003908484
47	0.001514055	0.000859234	7.11E-05	0.009148842	0.003470263	0.002100719	0.003856456	0.004064269	0.003871174
48	0.002466374	0.000472534	8.16E-05	0.010022815	0.003187044	0.002337894	0.004390294	0.00324007	0.003322858
49	0.002270527	0.000297896	0.000109613	0.009454356	0.003108496	0.002166958	0.003893281	0.003742518	0.003046453
50	0.001409223	0.000247539	8.83E-05	0.009923618	0.003283293	0.002269789	0.003750921	0.004361895	0.00300604
51	0.001306021	0.000213016	7.81E-05	0.008277079	0.00304718	0.002151722	0.005228388	0.004771103	0.003050607
52	0.001125653	0.000475164	5.60E-05	0.008170436	0.003402461	0.002136357	0.003744208	0.003107267	0.00327954
53	0.000905864	0.000334808	7.90E-05	0.008171733	0.002801806	0.0019613	0.003874037	0.003323758	0.002624626
54	0.001092261	0.000154526	7.77E-05	0.007514903	0.002779085	0.00204379	0.003857753	0.003615536	0.002838691
55	0.000842393	0.000190601	7.29E-05	0.008132221	0.002899237	0.002028102	0.002968787	0.003765029	0.002744953
56	0.000595674	0.000149842	6.48E-05	0.007345231	0.002719026	0.001976518	0.004042077	0.003039824	0.003497895
57	0.000538944	0.000136673	5.79E-05	0.00756802	0.002740926	0.001912776	0.004241447	0.003750829	0.003055221
58	0.000983895	0.00020588	6.81E-05	0.007237777	0.002810975	0.001795714	0.002935623	0.002510283	0.002382267
59	0.001109886	0.000255161	6.95E-05	0.007164135	0.002524414	0.001746385	0.003054128	0.002779155	0.002253188
60	0.001970463	0.000266033	7.71E-05	0.006362461	0.002567585	0.001862402	0.003110774	0.002658493	0.002425506
61	0.000995133	0.000178701	4.92E-05	0.006640948	0.002292289	0.001761922	0.00325292	0.002791497	0.002300562
62	0.000731193	0.000222433	8.77E-05	0.006368126	0.002336119	0.001925626	0.0028114	0.003327504	0.002287263
63	0.001427698	0.000945683	4.14E-05	0.006612342	0.002631455	0.001855206	0.002565739	0.002867941	0.002100465
64	0.000661631	0.000817057	4.92E-05	0.006951077	0.002387564	0.001719139	0.003643034	0.002722532	0.002953467
65	0.000390037	0.002158796	4.43E-05	0.005874907	0.00231322	0.001822872	0.002887124	0.003029725	0.002111902
66	0.000376172	0.000953884	4.38E-05	0.006499716	0.002242948	0.001750248	0.002423204	0.002436216	0.002134885
67	0.000572157	0.001857839	3.99E-05	0.005966805	0.00222527	0.001603614	0.003110668	0.002430732	0.00207499
68	0.001603938	0.000377361	5.13E-05	0.005226606	0.002235955	0.001776817	0.002629509	0.002430233	0.00198024
69	0.00050127	0.000168158	9.22E-05	0.005290312	0.002289068	0.001459809	0.002819311	0.002519063	0.002028233
70	0.000586222	0.001738758	6.65E-05	0.005316126	0.001862556	0.001781068	0.002609283	0.002808209	0.001936308
71	0.000723913	0.003939957	7.37E-05	0.004956519	0.002000167	0.001633916	0.002274266	0.002711757	0.001750512
72	0.000571375	0.003222781	3.97E-05	0.005070668	0.002067793	0.001514206	0.002367861	0.002494772	0.002362365
73	0.000402778	0.000743036	7.57E-05	0.005246978	0.001967279	0.00159083	0.00202588	0.003022227	0.001966071
74	0.001013637	0.001930181	0.000178712	0.005554237	0.002076965	0.001350429	0.003037845	0.00218842	0.001903887
75	0.000569009	0.001822392	0.02068296	0.005341818	0.001886948	0.001445988	0.002508639	0.002209611	0.001843286
76	0.000561395	0.008316565	0.005146946	0.004862978	0.001913616	0.001231359	0.002405718	0.002788723	0.001739325
77	0.001046639	0.002483849	0.001307151	0.004995182	0.001944416	0.001395977	0.002637674	0.00220986	0.001464059
78	0.001334916	0.001053384	0.000372812	0.005086954	0.001790024	0.001425902	0.002097985	0.001815547	0.001669668
79	0.000703033	0.000593801	0.000177755	0.004369261	0.001699715	0.001437474	0.001957868	0.001896714	0.001543226
80	0.000437073	0.000338082	7.99E-05	0.005123264	0.001837595	0.001451329	0.001854508	0.001971742	0.001590379
81	0.000423202	0.00024802	7.39E-05	0.004311876	0.001776352	0.001368526	0.002111585	0.00235827	0.001560868
82	0.000529865	0.000184914	0.000101009	0.004212997	0.001815647	0.001301869	0.002247536	0.002456668	0.001722148
83	0.000627086	0.000257425	6.31E-05	0.004268592	0.001661307	0.001257009	0.002146595	0.001705959	0.001510737
84	0.001256431	0.000516545	7.47E-05	0.005021953	0.001811746	0.001235069	0.001865563	0.001935088	0.001518087
85	0.000399006	0.000144078	4.85E-05	0.004355707	0.001876899	0.00123302	0.001776743	0.003126342	0.001404999
86	0.00038074	0.000263027	5.17E-05	0.004225682	0.001647277	0.001398549	0.002030451	0.001673707	0.001513898
87	0.000425177	0.000112301	3.16E-05	0.004364489	0.001821884	0.001381793	0.00215337	0.002330175	0.001507591
88	0.000285083	0.00013606	3.99E-05	0.0043326	0.001570334	0.001121102	0.002040718	0.001752804	0.001720552
89	0.000338645	0.00016471	4.86E-05	0.004374537	0.001792954	0.001335678	0.001605747	0.001845464	0.001378702
90	0.000342824	0.000118838	4.05E-05	0.004519103	0.001494537	0.001209581	0.001751639	0.001758657	0.001478936