#Epochs / loss	AlexNet	std	VGG16	std	VGG19	std	GoogLeNet	std	ResNet18	std	ResNet34	std	ResNet50	std	ResNet101	std	ResNet152	std
1	1.678611524	0.044948686	1.810123285	0.008425317	1.812252495	0.006196993	1.783838642	0.015640757	1.729182388	0.006201995	1.729182388	0.006201995	1.687972375	0.031325661	1.788945292	0.003601972	1.78845725	0.00833666
2	1.184360266	0.053283157	1.79537311	0.015358289	1.782362125	0.046923789	1.608838985	0.015124877	1.197716686	0.023408536	1.197716686	0.023408536	1.014936327	0.019406612	1.754073169	0.005161669	1.730055812	0.01322913
3	0.931410908	0.049082853	1.764173492	0.062547366	1.667744704	0.164792447	1.420462794	0.017188612	0.831037501	0.022510071	0.831037501	0.022510071	0.577197137	0.017462928	1.696360518	0.009436948	1.635149506	0.025044357
4	0.758305999	0.074123048	1.695404153	0.177603123	1.534990802	0.236569372	1.239792858	0.022945747	0.565520623	0.021489307	0.565520623	0.021489307	0.30808983	0.016289331	1.611903217	0.016175027	1.480137017	0.043152357
5	0.631753339	0.055891734	1.620041578	0.269443796	1.386525387	0.284889268	1.060941695	0.025732054	0.371582748	0.019767413	0.371582748	0.019767413	0.168113793	0.014732748	1.47595313	0.028538707	1.26941155	0.056047264
6	0.507685031	0.051754728	1.537684874	0.265509073	1.235915554	0.300755219	0.902266722	0.027480854	0.241714204	0.01365041	0.241714204	0.01365041	0.097537037	0.011698917	1.306351587	0.040528527	1.030888263	0.063891642
7	0.405322601	0.045653472	1.410997627	0.300328539	1.107107917	0.291687559	0.75984664	0.024805742	0.150289654	0.009237753	0.150289654	0.009237753	0.059226447	0.007235941	1.100423905	0.058685297	0.792900563	0.072304757
8	0.313055974	0.051147905	1.287481215	0.276747936	0.971163811	0.296895984	0.630559456	0.039093228	0.103194261	0.006560348	0.103194261	0.006560348	0.03980055	0.005102278	0.899797153	0.075585204	0.57112807	0.062078565
9	0.25683966	0.039612753	1.117708895	0.319721403	0.859143491	0.228546119	0.523284968	0.033213684	0.074342626	0.008379334	0.074342626	0.008379334	0.031474539	0.005238958	0.699768151	0.089907151	0.405830992	0.055297845
10	0.202970199	0.041765382	0.962143042	0.272723617	0.775356844	0.243861311	0.413568986	0.028973168	0.055610999	0.00305276	0.055610999	0.00305276	0.024707135	0.002050705	0.519553492	0.093974691	0.27386397	0.034380698
11	0.17904858	0.0460871	0.874284475	0.24266843	0.699174849	0.2201623	0.329725421	0.037757802	0.043911153	0.003888562	0.043911153	0.003888562	0.019801021	0.00204009	0.379291428	0.094684184	0.184781473	0.035746347
12	0.148420552	0.033210837	0.74591734	0.235002157	0.570699999	0.224011494	0.262009777	0.032967128	0.037396531	0.003507013	0.037396531	0.003507013	0.016612589	0.001510032	0.27203109	0.074643945	0.129890168	0.026582416
13	0.120117717	0.026793114	0.694463184	0.223320452	0.500732874	0.163348738	0.205365549	0.021142898	0.030251257	0.002199194	0.030251257	0.002199194	0.014753546	0.001599481	0.194859626	0.062242987	0.089253636	0.014518831
14	0.100572671	0.02411488	0.544118415	0.196739491	0.467878905	0.176429517	0.165285792	0.020877195	0.025274379	0.001796177	0.025274379	0.001796177	0.012855283	0.001402913	0.134323567	0.045981001	0.065745463	0.008715576
15	0.083007296	0.020066912	0.441639714	0.156911339	0.411598892	0.161001404	0.134429375	0.016048928	0.021641498	0.001697337	0.021641498	0.001697337	0.011501312	0.001126516	0.102205225	0.034884928	0.048663498	0.005762096
16	0.076739797	0.021545699	0.452752372	0.209538807	0.364860028	0.148886872	0.112356595	0.014697095	0.018970135	0.001532044	0.018970135	0.001532044	0.011017039	0.001356717	0.073548243	0.022039737	0.044207686	0.012783963
17	0.061699716	0.019506118	0.36933359	0.148826307	0.269491411	0.123229408	0.093202184	0.008584644	0.017628411	0.001864179	0.017628411	0.001864179	0.009437127	0.001290386	0.055457292	0.013621137	0.038520895	0.011190893
18	0.063206985	0.020202409	0.304869306	0.118858949	0.278353156	0.19907638	0.082516582	0.010070327	0.016987362	0.003651964	0.016987362	0.003651964	0.009734156	0.001804325	0.046560007	0.011279109	0.02832519	0.005751989
19	0.064239581	0.020348157	0.26578705	0.143965614	0.250218256	0.135157192	0.069754898	0.010984341	0.014971471	0.002425995	0.014971471	0.002425995	0.0093797	0.00187486	0.039072575	0.013467176	0.027318863	0.005931935
20	0.048044174	0.024790445	0.211115162	0.116942746	0.254860016	0.149619635	0.060432027	0.010406969	0.012748917	0.001839745	0.012748917	0.001839745	0.008343453	0.000712989	0.032950628	0.006254996	0.02337894	0.003131195
21	0.036455486	0.015738401	0.15788749	0.070469568	0.186372735	0.118546409	0.05156613	0.008407582	0.012064904	0.001549251	0.012064904	0.001549251	0.00761772	0.00171331	0.029723553	0.009154652	0.02004728	0.004435159
22	0.036803287	0.020345506	0.136449259	0.052564093	0.130492963	0.095457188	0.04739941	0.005703984	0.011509873	0.001458365	0.011509873	0.001458365	0.007248999	0.00123196	0.026732647	0.007444259	0.017142668	0.002717635
23	0.035643523	0.016411053	0.137557528	0.06548738	0.176601268	0.153420621	0.041733402	0.005058052	0.010774891	0.001422695	0.010774891	0.001422695	0.007094385	0.001074552	0.021896411	0.003214482	0.01563945	0.005265199
24	0.037983934	0.028344159	0.101950562	0.052376774	0.151160036	0.084408683	0.040752052	0.004576673	0.009662156	0.001019957	0.009662156	0.001019957	0.005690479	0.000720489	0.023163795	0.005375455	0.014084593	0.003634788
25	0.03600102	0.028716059	0.090309273	0.047304078	0.132546259	0.070262721	0.035869113	0.00335873	0.009009039	0.001310747	0.009009039	0.001310747	0.00640679	0.002367208	0.01950883	0.006414469	0.012769551	0.002056072
26	0.03344845	0.034568819	0.07734011	0.063191295	0.12384527	0.114277114	0.033575185	0.003266007	0.00863581	0.001477103	0.00863581	0.001477103	0.006951115	0.004224256	0.017696028	0.004872784	0.011545977	0.001619381
27	0.022055239	0.010770236	0.074007582	0.058265054	0.07371284	0.052947503	0.030225771	0.003349817	0.007583839	0.000421805	0.007583839	0.000421805	0.005941086	0.002247599	0.018278218	0.005671759	0.010945889	0.001716785
28	0.018766066	0.008252374	0.080753984	0.04717321	0.065621324	0.044078694	0.026140889	0.002078725	0.008369527	0.001719375	0.008369527	0.001719375	0.005229971	0.001687046	0.015720418	0.004639116	0.010685629	0.002243108
29	0.017569224	0.006146876	0.05744793	0.036569289	0.091444545	0.089264046	0.024553086	0.001995128	0.006664629	0.00072224	0.006664629	0.00072224	0.004780111	0.001040554	0.014524556	0.003739812	0.009862522	0.001978326
30	0.017113475	0.010559758	0.050755386	0.058478623	0.088675213	0.066163434	0.023130913	0.002350681	0.007232611	0.000979256	0.007232611	0.000979256	0.004735822	0.000523296	0.015923466	0.006924903	0.010608021	0.004384575
31	0.018242476	0.012330445	0.0274675	0.019409607	0.073689343	0.06902375	0.02274669	0.001964623	0.006647846	0.00103019	0.006647846	0.00103019	0.004275717	0.000375042	0.013174483	0.003967881	0.00962917	0.002948903
32	0.021489849	0.03347237	0.017518935	0.015070064	0.08946354	0.126191341	0.021257402	0.002954662	0.006382276	0.00068876	0.006382276	0.00068876	0.003844159	0.000454837	0.014296733	0.00704267	0.008346934	0.00126389
33	0.016577922	0.020936008	0.024841485	0.02911056	0.054382559	0.057764038	0.020934227	0.003455359	0.006062751	0.000797139	0.006062751	0.000797139	0.004008067	0.00030549	0.014240498	0.005323122	0.008671311	0.002464347
34	0.01441745	0.013333892	0.051973112	0.076806958	0.030206722	0.029824686	0.01885259	0.002119982	0.006616037	0.001071536	0.006616037	0.001071536	0.003944523	0.000796947	0.01206512	0.007746687	0.008050333	0.002234127
35	0.010257774	0.00937076	0.047932662	0.055630374	0.028421694	0.056584533	0.019712351	0.003422547	0.006309552	0.00122195	0.006309552	0.00122195	0.003836137	0.000688069	0.01143212	0.005518033	0.008149312	0.002036291
36	0.0071117	0.008957775	0.022534006	0.019852001	0.022068927	0.044095045	0.018855578	0.002729697	0.005245664	0.000558418	0.005245664	0.000558418	0.003546383	0.000616073	0.012090812	0.006789195	0.008270668	0.003337839
37	0.006624013	0.008080834	0.031169344	0.049617974	0.023238467	0.033172908	0.016795246	0.002745984	0.005085917	0.000474065	0.005085917	0.000474065	0.003417042	0.000543644	0.010987131	0.004794042	0.006601954	0.001772772
38	0.007343471	0.008853239	0.022653664	0.044442554	0.014101914	0.02125907	0.017988836	0.001946677	0.005573578	0.001328393	0.005573578	0.001328393	0.003351693	0.000401794	0.01115559	0.002951585	0.006183786	0.002161815
39	0.009708103	0.015550675	0.011866876	0.017627277	0.017766503	0.024627492	0.015545114	0.002493618	0.004866444	0.000353394	0.004866444	0.000353394	0.003018955	0.0004961	0.008674309	0.001966688	0.006035372	0.001080898
40	0.006909726	0.007280323	0.011346949	0.015818444	0.041973311	0.096459307	0.013475144	0.001664172	0.005018634	0.000653769	0.005018634	0.000653769	0.003262595	0.000564979	0.008882053	0.002593379	0.00687488	0.004232246
41	0.007418245	0.007359186	0.014268916	0.019650522	0.025991211	0.066549166	0.01378952	0.001591318	0.004742878	0.00041346	0.004742878	0.00041346	0.003273851	0.000495072	0.00862769	0.003361766	0.005090943	0.001225655
42	0.006797531	0.006105638	0.012113618	0.019682333	0.013973714	0.032648315	0.015326327	0.002851447	0.004553659	0.000806702	0.004553659	0.000806702	0.003340969	0.000807629	0.007613727	0.003091605	0.005984707	0.001860469
43	0.009716528	0.01047114	0.010407231	0.017690173	0.004415915	0.007498968	0.013222569	0.001636841	0.004450191	0.000676873	0.004450191	0.000676873	0.002980202	0.000391218	0.007493876	0.002575373	0.006094511	0.003380167
44	0.024892335	0.055236749	0.008413739	0.013444201	0.003561644	0.006376596	0.012021257	0.002113132	0.004480077	0.000747772	0.004480077	0.000747772	0.002615705	0.000421327	0.007153972	0.001678789	0.005334827	0.001748492
45	0.018553162	0.042022824	0.010663398	0.022231866	0.007420323	0.021033356	0.011597269	0.00132251	0.004076422	0.000596755	0.004076422	0.000596755	0.002750793	0.000444954	0.00730823	0.002704206	0.0056079	0.001512185
46	0.012427921	0.014827947	0.060304657	0.17817662	0.004830567	0.01344672	0.011318549	0.002257597	0.003839369	0.000414988	0.003839369	0.000414988	0.002385659	0.000446586	0.006412494	0.001825489	0.00537815	0.002528426
47	0.010387071	0.009725915	0.01620203	0.046572852	0.003428495	0.0096538	0.010176733	0.001074877	0.004152442	0.000608995	0.004152442	0.000608995	0.002623113	0.000496648	0.007469995	0.005106195	0.005413034	0.002678668
48	0.007966099	0.009191968	0.005203259	0.011080569	0.001936532	0.004963756	0.010711114	0.002319102	0.003566248	0.000435623	0.003566248	0.000435623	0.002367676	0.000405702	0.006128528	0.003610513	0.004902395	0.001616587
49	0.006257856	0.007030633	0.006295746	0.012310805	0.007492885	0.02259786	0.010678962	0.001411828	0.003644771	0.000569941	0.003644771	0.000569941	0.002546754	0.000482963	0.005428911	0.001571333	0.005017706	0.001306021
50	0.005044698	0.004689136	0.009669036	0.020965865	0.002255328	0.006218506	0.010182233	0.00185062	0.003690481	0.000878461	0.003690481	0.000878461	0.002452628	0.000413491	0.005571651	0.00192244	0.004340327	0.000906544
51	0.005101345	0.003542443	0.009723077	0.019715398	0.002060878	0.005637419	0.010105835	0.001550226	0.003605999	0.000787955	0.003605999	0.000787955	0.002225015	0.000260484	0.005713485	0.002932107	0.003708007	0.001214275
52	0.008210536	0.009916062	0.008602255	0.020982865	0.001044218	0.002495136	0.009233659	0.001268627	0.003110287	0.000450827	0.003110287	0.000450827	0.002680102	0.000658515	0.006295323	0.002195984	0.004247283	0.001310626
53	0.005993519	0.006715079	0.004878201	0.010099231	0.002665	0.007712174	0.009256594	0.001206795	0.003427734	0.000532985	0.003427734	0.000532985	0.002153481	0.000354337	0.005530521	0.002789657	0.004012874	0.001025062
54	0.004147198	0.003217719	0.002121577	0.004118059	0.000715104	0.001517394	0.009233711	0.001048975	0.002992436	0.000495539	0.002992436	0.000495539	0.002139736	0.000408899	0.006816483	0.004125761	0.003683212	0.002414011
55	0.004600448	0.004338212	0.001164163	0.002082911	0.000308571	0.000382087	0.008928684	0.001754481	0.003432773	0.000576016	0.003432773	0.000576016	0.002120394	0.000201728	0.005991696	0.002891255	0.003297052	0.000847306
56	0.004194502	0.003952574	0.000671543	0.001245797	0.000288165	0.000253243	0.009008096	0.001392507	0.003250675	0.000598701	0.003250675	0.000598701	0.002101474	0.000377095	0.005309441	0.002012052	0.003887449	0.001906456
57	0.002524534	0.001484598	0.00038164	0.000529275	0.000230774	0.000139595	0.008674427	0.001135712	0.002905825	0.00037944	0.002905825	0.00037944	0.00213899	0.00041527	0.005727177	0.002233285	0.003995216	0.002606256
58	0.006448085	0.004834254	0.000288994	0.000279568	0.00022388	0.000114556	0.007814453	0.001530956	0.003334988	0.000498154	0.003334988	0.000498154	0.002089033	0.000242637	0.004548121	0.001244769	0.003278189	0.000725428
59	0.007981438	0.00708223	0.000245148	0.000228451	0.000163678	4.53595E-05	0.008288086	0.001234404	0.002913181	0.000286196	0.002913181	0.000286196	0.002111213	0.000413457	0.004956632	0.001498576	0.002834486	0.000587243
60	0.00628399	0.006374393	0.00026835	0.000281844	0.000158815	3.9706E-05	0.008453546	0.001784152	0.003091142	0.000454286	0.003091142	0.000454286	0.00213599	0.000658994	0.00401835	0.001314618	0.003247414	0.000563566
61	0.007558379	0.008119761	0.000239619	0.000123079	0.00015817	6.65055E-05	0.00779814	0.001338465	0.002682959	0.000514541	0.002682959	0.000514541	0.002001046	0.000479529	0.00512533	0.003241392	0.002938137	0.000553894
62	0.003908707	0.002255081	0.000295278	0.000477275	0.000173737	5.60751E-05	0.007836939	0.001076324	0.002726601	0.000543159	0.002726601	0.000543159	0.001957614	0.000215154	0.004959668	0.003782395	0.003178296	0.000736174
63	0.004140821	0.005756006	0.000608764	0.001095636	0.000170304	4.90749E-05	0.007391112	0.000758723	0.002593739	0.00048014	0.002593739	0.00048014	0.001693038	0.000358706	0.004041648	0.001903081	0.003290589	0.001754461
64	0.004895583	0.006034593	0.000484711	0.000784068	0.000136227	3.6177E-05	0.007046331	0.001034459	0.002477026	0.00035654	0.002477026	0.00035654	0.001831196	0.000321593	0.004537166	0.001988376	0.003138403	0.001132573
65	0.003550328	0.004273956	0.000253934	0.000213524	0.000138441	5.49928E-05	0.006822625	0.001176425	0.002500369	0.000279677	0.002500369	0.000279677	0.00168137	0.000330027	0.004396768	0.002230715	0.002889022	0.000846114
66	0.00275874	0.002801012	0.000240127	0.000314383	0.000119738	2.20363E-05	0.007371279	0.00101027	0.002479863	0.000465409	0.002479863	0.000465409	0.001893711	0.000296879	0.005583164	0.00720245	0.003224647	0.002375702
67	0.002588454	0.002387338	0.000196521	0.000144326	0.000116071	3.80737E-05	0.007178037	0.00092469	0.002769767	0.000327192	0.002769767	0.000327192	0.001626709	0.000317656	0.004998065	0.004106851	0.002313846	0.000444239
68	0.002748432	0.003145529	0.000140332	6.1323E-05	0.000150682	4.85228E-05	0.006419246	0.000831707	0.002316026	0.000319087	0.002316026	0.000319087	0.001784282	0.000352625	0.0038159	0.001401773	0.002508999	0.000503449
69	0.003588607	0.003379973	0.000309336	0.000503827	0.000114623	3.17105E-05	0.005921117	0.000525241	0.002419699	0.000397626	0.002419699	0.000397626	0.001883383	0.000540276	0.003701861	0.001526081	0.002219991	0.000914842
70	0.004044696	0.005663079	0.000926293	0.002449482	0.000109679	3.33008E-05	0.006111443	0.000694693	0.002170573	0.0003883	0.002170573	0.0003883	0.002164737	0.001703006	0.002889895	0.00101579	0.002495285	0.00089658
71	0.003070974	0.002933979	0.000227008	0.000279311	0.000118974	5.2369E-05	0.006387548	0.000979098	0.002319766	0.000210537	0.002319766	0.000210537	0.002888711	0.004390889	0.003398194	0.001037466	0.00223492	0.000611836
72	0.001691439	0.000953243	0.000129953	6.56818E-05	0.000104096	2.94881E-05	0.00622069	0.001055128	0.002479409	0.000534301	0.002479409	0.000534301	0.002247101	0.002162962	0.003855054	0.001503633	0.002582467	0.000697123
73	0.002615361	0.002138441	0.000138157	5.91863E-05	9.86886E-05	2.40347E-05	0.00579599	0.001033187	0.002226749	0.00037364	0.002226749	0.00037364	0.001818378	0.000447816	0.003902408	0.001727421	0.002248623	0.000565389
74	0.003179447	0.004416055	0.000136507	7.51861E-05	9.78715E-05	2.4468E-05	0.006111937	0.000988176	0.002127396	0.000335576	0.002127396	0.000335576	0.001743442	0.000536975	0.003529635	0.001107363	0.003052365	0.001622149
75	0.003448474	0.00419945	0.000104592	4.09873E-05	0.000105409	3.94158E-05	0.006051829	0.00082424	0.00225408	0.000321285	0.00225408	0.000321285	0.001680469	0.000460069	0.003158757	0.000725345	0.002461327	0.000551062
76	0.003418796	0.003732775	0.000139816	7.62316E-05	9.86381E-05	3.66983E-05	0.005847987	0.000845262	0.002079507	0.000258815	0.002079507	0.000258815	0.001584374	0.000333959	0.002975428	0.000602946	0.002463032	0.000844864
77	0.002623272	0.002746674	8.50776E-05	3.61284E-05	8.60451E-05	2.15927E-05	0.005446932	0.001174042	0.002089327	0.000401195	0.002089327	0.000401195	0.001555236	0.000359615	0.002750353	0.00045346	0.002160301	0.000521591
78	0.002266131	0.002518798	0.000115659	3.60334E-05	8.53922E-05	2.654E-05	0.00564606	0.001146056	0.00213543	0.000374418	0.00213543	0.000374418	0.001553235	0.00033517	0.00255885	0.00069841	0.002441871	0.000867667
79	0.001421361	0.00082163	0.000178315	0.000155083	8.50949E-05	3.77484E-05	0.005176467	0.000651828	0.001838185	0.000216951	0.001838185	0.000216951	0.001380086	0.00024669	0.002945709	0.002105081	0.002047614	0.000541406
80	0.002095571	0.00220725	0.000132514	6.5668E-05	8.41572E-05	3.48317E-05	0.005640003	0.00078359	0.001923842	0.000375757	0.001923842	0.000375757	0.001371021	0.000244273	0.003968021	0.002126509	0.003355472	0.003372364
81	0.002418949	0.002137699	0.000105065	6.37359E-05	7.63461E-05	1.79771E-05	0.006300877	0.003338233	0.001960092	0.000262975	0.001960092	0.000262975	0.001487295	0.000339288	0.002675049	0.000733853	0.002516972	0.001046677
82	0.001622891	0.001098484	0.000109519	7.91093E-05	8.41441E-05	2.26517E-05	0.005265785	0.000749257	0.001786461	0.000263955	0.001786461	0.000263955	0.001603227	0.000285703	0.002249932	0.000555142	0.002638063	0.001457363
83	0.001426231	0.001080875	8.65774E-05	4.05528E-05	7.94117E-05	2.38544E-05	0.005413016	0.000606195	0.001678166	0.000159573	0.001678166	0.000159573	0.001448852	0.000312139	0.00222425	0.000479214	0.003543543	0.003284085
84	0.002163784	0.003035388	9.99421E-05	5.27229E-05	7.44124E-05	2.02924E-05	0.004561231	0.00093188	0.001897839	0.000203512	0.001897839	0.000203512	0.00143829	0.000234132	0.002735857	0.000467165	0.002734032	0.001992936
85	0.003322457	0.007861908	8.2381E-05	6.34425E-05	8.06352E-05	1.53541E-05	0.004289468	0.000793073	0.002003697	0.000533132	0.002003697	0.000533132	0.001369455	0.000325379	0.002463998	0.000620213	0.002518539	0.001681019
86	0.001535022	0.00286251	8.83095E-05	3.69768E-05	6.48403E-05	2.05645E-05	0.00466747	0.000543816	0.002027421	0.000441625	0.002027421	0.000441625	0.001361065	0.000217147	0.002247597	0.000536427	0.00194284	0.000642231
87	0.000848373	0.000842491	8.5627E-05	5.19428E-05	7.65038E-05	1.03478E-05	0.004616671	0.000573385	0.001862857	0.000339658	0.001862857	0.000339658	0.001313895	0.000184501	0.004113742	0.004482282	0.00193561	0.000654701
88	0.000690461	0.000212741	6.94242E-05	2.15466E-05	6.29895E-05	1.90967E-05	0.004728401	0.000537676	0.00181391	0.00032181	0.00181391	0.00032181	0.001414063	0.000403111	0.005247694	0.009155184	0.002741324	0.00268966
89	0.000616326	0.000270561	7.4471E-05	1.91867E-05	0.000109286	0.000133461	0.004742252	0.000567706	0.001868947	0.000338843	0.001868947	0.000338843	0.001268832	0.000245483	0.003600946	0.003402827	0.001770641	0.000494487
90	0.000535729	0.000241261	8.58391E-05	7.72665E-05	7.6342E-05	4.27543E-05	0.004672839	0.001125974	0.001780281	0.000307167	0.001780281	0.000307167	0.001484983	0.00033494	0.003292759	0.003510281	0.002246619	0.001688654 